jails: 
  jail: 
    world: world
    x: -192.31591468907706
    y: 66.0
    z: 185.48986856218326
    yaw: -90.312225
    pitch: -0.3000072
