lastAccountName: Slisher
timestamps:
  login: 1432310568436
  lastteleport: 1432311210735
  logout: 1432311272026
ipAddress: 100.7.5.46
lastlocation:
  world: world
  x: -67.12541594474247
  y: 64.0
  z: 65.525662151638
  yaw: -196.77573
  pitch: 1.5523527
logoutlocation:
  world: world
  x: -261.78037169834914
  y: 62.0
  z: 248.38154655444396
  yaw: 86.34168
  pitch: 50.15283
