lastAccountName: ItsAeroYT
timestamps:
  login: 1432280030486
  logout: 1432280192636
ipAddress: 47.72.137.20
lastlocation:
  world: world
  x: -160.48822583100926
  y: 38.0
  z: -222.63990367614502
  yaw: 184.04109
  pitch: 1.0499631
logoutlocation:
  world: world
  x: -50.84686494644596
  y: 66.5
  z: 245.2371599864904
  yaw: -42.29476
  pitch: -6.5867033
