lastAccountName: Budly
timestamps:
  login: 1431727034054
  logout: 1431727281867
ipAddress: 184.148.56.159
lastlocation:
  world: world
  x: -160.24040738763122
  y: 38.0
  z: -222.09618870323172
  yaw: -184.58363
  pitch: 6.0665245
logoutlocation:
  world: world
  x: -196.20535451033396
  y: 65.0
  z: 237.62977621864522
  yaw: 275.55493
  pitch: 2.2316988
