lastAccountName: StudCupcakeOP
timestamps:
  login: 1432086634143
  logout: 1432086654971
ipAddress: 68.146.151.113
lastlocation:
  world: world
  x: -160.3515644814502
  y: 38.0
  z: -222.21400689793052
  yaw: 179.20407
  pitch: 2.7854571
logoutlocation:
  world: world
  x: -156.8983790417342
  y: 65.0
  z: 160.0133421573363
  yaw: 359.6332
  pitch: -0.74999547
