lastAccountName: Dave34SGE
timestamps:
  login: 1432007439927
  logout: 1432007862358
ipAddress: 69.247.1.93
lastlocation:
  world: world
  x: -179.42364418318866
  y: 65.0
  z: 406.46501095557875
  yaw: 22.570732
  pitch: 13.8144
logoutlocation:
  world: world
  x: -220.1569672017013
  y: 50.0
  z: 206.8658141278741
  yaw: 350.49426
  pitch: 17.500765
