lastAccountName: Supermonk3yboms
timestamps:
  login: 1432627357631
  logout: 1432627880013
  lastteleport: 1432627548202
ipAddress: 124.185.52.168
lastlocation:
  world: world
  x: -68.57469116182554
  y: 64.0
  z: 65.59735592113066
  yaw: -158.86166
  pitch: 6.30001
logoutlocation:
  world: world
  x: -157.6847285979311
  y: 7.0
  z: 352.8459751836328
  yaw: -1.0623649
  pitch: -4.200062
