lastAccountName: Edgyy
timestamps:
  login: 1432953377229
  lastteleport: 1432953529919
  logout: 1432953865690
ipAddress: 173.206.88.221
lastlocation:
  world: world
  x: -67.2406458400853
  y: 64.0
  z: 64.19457977111925
  yaw: -189.61159
  pitch: 9.300019
logoutlocation:
  world: world
  x: -206.3000000119209
  y: 50.0
  z: 199.56499188012822
  yaw: -28.810852
  pitch: 16.95002
