lastAccountName: DediousDon
timestamps:
  login: 1433356105360
  lastteleport: 1433356238667
  logout: 1433356279223
ipAddress: 90.194.135.37
lastlocation:
  world: world
  x: -160.37927969187714
  y: 38.0
  z: -223.90982905115084
  yaw: -178.65625
  pitch: 20.850004
logoutlocation:
  world: world
  x: -157.152724734878
  y: 65.0
  z: 198.23414473997914
  yaw: -3.3115234
  pitch: 7.8000326
