lastAccountName: thebest115
timestamps:
  login: 1432314036835
  logout: 1432314040636
  mute: 0
ipAddress: 124.171.52.185
lastlocation:
  world: world
  x: -160.3549734967568
  y: 38.0
  z: -222.5751424451254
  yaw: 176.09128
  pitch: 8.549997
logoutlocation:
  world: world
  x: -149.67822094327713
  y: 65.0
  z: 183.82408577054483
  yaw: -69.31162
  pitch: 25.800018
muted: false
