lastAccountName: crippledzombie10
timestamps:
  login: 1433087189876
  lastteleport: 1433087198185
  logout: 1433087327525
ipAddress: 74.65.90.198
lastlocation:
  world: world
  x: -160.36404736981484
  y: 38.0
  z: -224.0111720246342
  yaw: -180.03809
  pitch: 13.070667
logoutlocation:
  world: world
  x: -35.84243545104214
  y: 70.0
  z: 257.40687058332037
  yaw: 90.1899
  pitch: 38.62782
