lastAccountName: HelloAndGoodbye
timestamps:
  login: 1433114580621
  logout: 1433114608236
ipAddress: 162.198.112.197
lastlocation:
  world: world
  x: -179.5
  y: 65.0
  z: -230.5
  yaw: 0.0
  pitch: 0.0
logoutlocation:
  world: world
  x: -160.64273234217046
  y: 38.0
  z: -221.8209421474052
  yaw: -248.47183
  pitch: 3.3170066
