lastAccountName: StudMuffinOP
timestamps:
  login: 1432529616216
  logout: 1432529691159
ipAddress: 68.146.151.113
lastlocation:
  world: world
  x: -160.5100062706042
  y: 38.0
  z: -222.47824471890863
  yaw: 179.61421
  pitch: 1.7601135
logoutlocation:
  world: world
  x: -217.70167161075835
  y: 65.0625
  z: 242.4756412801803
  yaw: 67.74926
  pitch: 4.036893
