lastAccountName: TheAssassinMC
timestamps:
  login: 1432285276244
  logout: 1432285384758
ipAddress: 24.85.214.63
lastlocation:
  world: world
  x: -160.31448584185242
  y: 38.0
  z: -223.04416358421807
  yaw: 177.29132
  pitch: 1.1999903
logoutlocation:
  world: world
  x: -94.32584261578192
  y: 64.0
  z: 254.84800998428807
  yaw: 346.03915
  pitch: 20.100058
