lastAccountName: Iamanugget42
timestamps:
  login: 1432297812246
  logout: 1432307520531
ipAddress: 203.191.164.80
lastlocation:
  world: world
  x: -154.3000000119209
  y: 65.0
  z: 203.53653264346332
  yaw: 90.48283
  pitch: 22.329813
money: '244.253125000000000048'
logoutlocation:
  world: world
  x: -212.88468656887048
  y: 50.0
  z: 202.6260788799044
  yaw: -254.557
  pitch: -3.060811
