lastAccountName: TwistedgameZHD
timestamps:
  login: 1432987218054
  lastteleport: 1432987259213
  logout: 1432987274649
ipAddress: 213.93.130.240
lastlocation:
  world: world
  x: -68.73197615876472
  y: 64.0
  z: 64.76816210406608
  yaw: -152.11201
  pitch: 3.6980028
logoutlocation:
  world: world
  x: -156.5
  y: 63.0
  z: 149.5
  yaw: -0.16171265
  pitch: -0.74999547
