lastAccountName: Eskimo_Haz
timestamps:
  login: 1433063001069
  lastteleport: 1433063006527
  logout: 1433063221003
ipAddress: 90.197.125.153
lastlocation:
  world: world
  x: -160.44845045707189
  y: 38.0
  z: -223.9749337914668
  yaw: -177.75885
  pitch: 4.5000043
logoutlocation:
  world: world
  x: -89.96058473889951
  y: 65.0
  z: 347.3587360695523
  yaw: -89.41171
  pitch: 3.1500177
