lastAccountName: Dezifyed
timestamps:
  login: 1432419114011
  logout: 1432419658498
  lastteleport: 1432419133785
ipAddress: 92.2.66.54
lastlocation:
  world: world
  x: -35.550397844773606
  y: 70.0
  z: 251.53466384621765
  yaw: 138.43713
  pitch: 31.95003
logoutlocation:
  world: world
  x: -150.55108587779168
  y: 53.0
  z: 30.52203744783508
  yaw: 285.59454
  pitch: 22.500061
