lastAccountName: zStaaR
timestamps:
  login: 1433278409949
  jail: 0
  lastteleport: 1432636653869
  logout: 1433279116778
ipAddress: 90.202.79.236
lastlocation:
  world: world
  x: -342.7007843453572
  y: 63.0
  z: 375.56559819897046
  yaw: -98.685425
  pitch: -2.1748936
jailed: false
logoutlocation:
  world: world
  x: -48.60540635974064
  y: 78.0
  z: 313.9321118074251
  yaw: 356.29395
  pitch: 3.906389
