lastAccountName: DJT08
timestamps:
  login: 1432636745731
  logout: 1432637112708
  kits:
    guard: 1432002469477
  lastteleport: 1432107277760
ipAddress: 108.232.36.16
lastlocation:
  world: world
  x: -81.5
  y: 65.5
  z: 464.5
  yaw: 88.638435
  pitch: -2.4000041
money: '9595000.0'
logoutlocation:
  world: world
  x: -169.55138175057195
  y: 66.0
  z: 471.2185658081475
  yaw: 161.08836
  pitch: 5.250012
powertools: {}
