lastAccountName: 123keelos
timestamps:
  login: 1432942603510
  lastteleport: 1432942618538
  logout: 1432942644768
ipAddress: 99.240.130.39
lastlocation:
  world: world
  x: -160.30000001192093
  y: 38.0
  z: -224.16938794352174
  yaw: -169.05884
  pitch: 17.100004
logoutlocation:
  world: world
  x: -158.192516833647
  y: 65.0
  z: 212.7991340001641
  yaw: 213.28828
  pitch: 2.2500076
