lastAccountName: Fadetablack
timestamps:
  login: 1432412381742
  logout: 1432412403816
ipAddress: 71.103.84.215
lastlocation:
  world: world
  x: -160.60603221696815
  y: 38.0
  z: -222.32092225114053
  yaw: -177.90906
  pitch: 2.699986
logoutlocation:
  world: world
  x: -112.50052533596616
  y: 66.5
  z: 193.83399366942368
  yaw: -357.7618
  pitch: 32.25002
