lastAccountName: BluJ_The_Great
timestamps:
  login: 1432937207637
  lastteleport: 1432937575577
  logout: 1432937709232
ipAddress: 162.206.122.153
lastlocation:
  world: world
  x: -78.45705276293316
  y: 35.0
  z: 265.2549503724764
  yaw: -275.10242
  pitch: 23.64486
logoutlocation:
  world: world
  x: -86.5
  y: 65.0
  z: 347.5
  yaw: -86.254395
  pitch: -6.460825
