lastAccountName: BALoney2011
timestamps:
  login: 1432940883960
  lastteleport: 1432940962044
  logout: 1432941056140
ipAddress: 72.192.101.32
lastlocation:
  world: world
  x: -161.99409539612125
  y: 65.0
  z: 164.85182329862658
  yaw: -306.76166
  pitch: 6.600002
logoutlocation:
  world: world
  x: -67.62087698048545
  y: 64.0
  z: 65.23038167987679
  yaw: 274.4885
  pitch: 8.699999
