lastAccountName: Nirys
timestamps:
  login: 1431987056992
  logout: 1431987608638
ipAddress: 75.23.201.209
lastlocation:
  world: world
  x: -160.42716843428605
  y: 38.0
  z: -222.34419372551469
  yaw: 188.9456
  pitch: 6.5215683
money: '39.0'
logoutlocation:
  world: world
  x: -90.26530718619208
  y: 65.0
  z: 238.74336454578787
  yaw: 99.82487
  pitch: 9.520825
