lastAccountName: alf206820682068
timestamps:
  login: 1432413457741
  logout: 1432413722998
ipAddress: 107.3.231.217
lastlocation:
  world: world
  x: -160.12330564271946
  y: 38.0
  z: -221.84465924602722
  yaw: 170.98737
  pitch: 3.7235398
logoutlocation:
  world: world
  x: -155.2409143792624
  y: 66.5
  z: 186.51806796611214
  yaw: 67.88281
  pitch: 19.927427
