lastAccountName: gkidethebeast
timestamps:
  login: 1432681697141
  logout: 1432681776262
ipAddress: 70.192.195.71
lastlocation:
  world: world
  x: -160.41350490080907
  y: 38.0
  z: -223.07887591419205
  yaw: -175.31839
  pitch: 4.2287035
logoutlocation:
  world: world
  x: -90.72657300964127
  y: 64.0
  z: 257.3181043321325
  yaw: -119.26105
  pitch: 69.29631
