lastAccountName: tastytaco88
timestamps:
  login: 1432847098896
  logout: 1432847342092
ipAddress: 174.57.222.188
lastlocation:
  world: world
  x: -158.5
  y: 65.0
  z: -201.5
  yaw: 0.0
  pitch: 0.0
logoutlocation:
  world: world
  x: -160.83548349937826
  y: 38.0
  z: -221.65630385795504
  yaw: 187.94025
  pitch: 5.700009
