lastAccountName: Rydog
timestamps:
  login: 1432404949159
  logout: 1432405228834
ipAddress: 50.88.232.39
lastlocation:
  world: world
  x: -160.23396536807303
  y: 38.0
  z: -221.83817396836702
  yaw: -188.02963
  pitch: 6.879589
logoutlocation:
  world: world
  x: -133.98031917569307
  y: 65.0
  z: 189.01060600457794
  yaw: 236.38237
  pitch: 28.74121
