lastAccountName: crippledzombie20
timestamps:
  login: 1432475407693
  logout: 1432475529506
ipAddress: 74.65.90.198
lastlocation:
  world: world
  x: -160.32875839176495
  y: 38.0
  z: -222.87480411067955
  yaw: -192.1035
  pitch: 9.545952
logoutlocation:
  world: world
  x: -45.887533723145275
  y: 68.0
  z: 249.55865865666436
  yaw: -46.15039
  pitch: 8.263148
