lastAccountName: thediamondgamim
timestamps:
  login: 1433116531452
  lastteleport: 1433116607657
  logout: 1433117084908
ipAddress: 98.244.103.206
lastlocation:
  world: world
  x: -160.48227382394188
  y: 38.0
  z: -224.051752875469
  yaw: -177.75879
  pitch: 13.350016
logoutlocation:
  world: world
  x: -112.01249998807906
  y: 65.0
  z: 181.69999998807907
  yaw: 1.7883911
  pitch: 15.750035
