lastAccountName: gumdoc2
timestamps:
  login: 1433167005744
  lastteleport: 1433167032717
  logout: 1433167041318
ipAddress: 74.166.26.241
lastlocation:
  world: world
  x: -162.0935919764633
  y: 65.0
  z: 165.24410393315492
  yaw: 107.016205
  pitch: 44.87237
logoutlocation:
  world: world
  x: -67.25461532419934
  y: 64.0
  z: 64.72044498719808
  yaw: -46.59422
  pitch: -49.276215
