lastAccountName: TSGregard21
timestamps:
  login: 1432417157255
  lastteleport: 1432417258261
  logout: 1432417437422
ipAddress: 81.233.168.36
lastlocation:
  world: world
  x: -105.82805227703093
  y: 65.0
  z: 76.2663133972703
  yaw: 63.196735
  pitch: 12.907347
logoutlocation:
  world: world
  x: -158.82102593389263
  y: 55.0
  z: 332.65317090666645
  yaw: 357.0051
  pitch: -5.899406
