lastAccountName: xXx_Awesome_xXx
timestamps:
  login: 1432350243864
  lastteleport: 1432345473671
  logout: 1432352117337
ipAddress: 99.149.20.176
lastlocation:
  world: world
  x: -67.5134795682385
  y: 64.0
  z: 66.89841246726256
  yaw: 16.338367
  pitch: 8.250011
money: '667.0'
logoutlocation:
  world: world
  x: -156.30903442735524
  y: 65.0
  z: 205.25036931340776
  yaw: 182.68768
  pitch: 21.15002
