lastAccountName: OsamaBinStrafing
timestamps:
  login: 1432506579019
  logout: 1432506589921
ipAddress: 70.75.131.83
lastlocation:
  world: world
  x: -157.5
  y: 65.0
  z: -217.5
  yaw: 0.0
  pitch: 0.0
logoutlocation:
  world: world
  x: -159.33098051180372
  y: 38.0
  z: -222.5688790944827
  yaw: 7.9411263
  pitch: 8.850004
