lastAccountName: Anti_Almighty
timestamps:
  login: 1432172478117
  logout: 1432172595271
ipAddress: 65.75.106.75
lastlocation:
  world: world
  x: -160.4734321886208
  y: 38.0
  z: -221.84756617785038
  yaw: -178.80888
  pitch: 4.1999903
logoutlocation:
  world: world
  x: -155.52784228456366
  y: 65.0
  z: 173.36295831688335
  yaw: 161.23825
  pitch: 25.800001
