lastAccountName: firegirl33
timestamps:
  login: 1432172554448
  logout: 1432172665288
ipAddress: 50.242.48.178
lastlocation:
  world: world
  x: -160.89339773946477
  y: 38.0
  z: -222.25262861622045
  yaw: -159.76723
  pitch: 5.8271933
logoutlocation:
  world: world
  x: -153.91165978109936
  y: 65.0
  z: 196.3901299340879
  yaw: -150.07535
  pitch: -4.003208
