lastAccountName: Kneco
timestamps:
  login: 1433031591867
  lastteleport: 1433031823173
  logout: 1433031844275
ipAddress: 50.193.143.42
lastlocation:
  world: world
  x: -151.96150127249925
  y: 64.0
  z: -298.39487296112253
  yaw: 191.14816
  pitch: 6.895711
logoutlocation:
  world: world
  x: -156.1671814886051
  y: 65.0
  z: 203.0389120557466
  yaw: 169.51836
  pitch: 4.6342297
