lastAccountName: Juhokko
timestamps:
  login: 1432914609564
  logout: 1432914616164
ipAddress: 88.114.27.117
lastlocation:
  world: world
  x: -159.5
  y: 65.0
  z: -216.5
  yaw: 0.0
  pitch: 0.0
logoutlocation:
  world: world
  x: -160.5
  y: 38.0
  z: -219.5
  yaw: -180.77325
  pitch: 0.7500036
