lastAccountName: Atroxzy
timestamps:
  login: 1432584678004
  logout: 1432584757288
ipAddress: 73.21.246.76
lastlocation:
  world: world
  x: -160.1369423132495
  y: 38.0
  z: -221.51465633014973
  yaw: -185.40887
  pitch: -0.5999728
logoutlocation:
  world: world
  x: -192.1472173539735
  y: 66.0
  z: 238.80082511125505
  yaw: -100.5153
  pitch: 18.321892
