lastAccountName: QuackCocaine
timestamps:
  login: 1432925547249
  logout: 1432925576887
ipAddress: 31.54.50.250
lastlocation:
  world: world
  x: -160.72176887987644
  y: 38.0
  z: -222.95959962879797
  yaw: -180.63963
  pitch: 3.5164735
logoutlocation:
  world: world
  x: -131.0312419970233
  y: 65.0
  z: 190.2088339606621
  yaw: 356.42984
  pitch: 21.479906
