lastAccountName: Cargath
timestamps:
  login: 1432939891447
  lastteleport: 1432940132888
  logout: 1432940240657
ipAddress: 24.111.24.216
lastlocation:
  world: world
  x: -103.80290479420805
  y: 65.0
  z: 226.69999998807907
  yaw: 52.63823
  pitch: -1.5000012
logoutlocation:
  world: world
  x: -67.37862961907493
  y: 64.0
  z: 65.0820365099646
  yaw: 273.88828
  pitch: 6.75
