lastAccountName: Pingas420
timestamps:
  login: 1432622737620
  logout: 1432622765294
ipAddress: 122.109.0.74
lastlocation:
  world: world
  x: -161.13090335069603
  y: 38.0
  z: -222.36372877934411
  yaw: -167.40906
  pitch: 9.299963
logoutlocation:
  world: world
  x: -156.4212338180666
  y: 65.0
  z: 209.45392972767468
  yaw: 27.738281
  pitch: 12.150007
