lastAccountName: TyroneRelNiga420
timestamps:
  login: 1432257676114
  logout: 1432257776267
ipAddress: 73.183.142.251
lastlocation:
  world: world
  x: -159.0513940972506
  y: 38.0
  z: -222.15223920208643
  yaw: 138.1359
  pitch: 4.997584
logoutlocation:
  world: world
  x: -129.75858138526684
  y: 66.1707870772188
  z: 394.44869759547686
  yaw: 194.17653
  pitch: 25.239124
