lastAccountName: DesmodusDantre
timestamps:
  login: 1432908744084
  lastteleport: 1432311264137
  logout: 1432908897620
ipAddress: 76.215.40.92
lastlocation:
  world: world
  x: -97.2877548816887
  y: 65.0
  z: 66.57169985276991
  yaw: -150.85378
  pitch: 29.174397
money: '600.0390625'
logoutlocation:
  world: world
  x: -159.4306728357774
  y: 65.0
  z: 238.06718056440587
  yaw: 87.58187
  pitch: 8.284781
