lastAccountName: ItzModnation
timestamps:
  login: 1432365915337
  lastteleport: 1432315339165
  logout: 1432365998304
ipAddress: 109.153.66.144
lastlocation:
  world: world
  x: -98.84931819863638
  y: 65.0
  z: 66.80467102080098
  yaw: -123.46095
  pitch: 23.399971
logoutlocation:
  world: world
  x: -227.64160081064523
  y: 50.0
  z: 208.63538296415572
  yaw: -0.760376
  pitch: -89.549995
