lastAccountName: zZGhostly
timestamps:
  login: 1432447590852
  logout: 1432447699340
ipAddress: 68.172.53.12
lastlocation:
  world: world
  x: -160.4767065433639
  y: 38.0
  z: -222.66988031854586
  yaw: -187.525
  pitch: 8.231183
logoutlocation:
  world: world
  x: -156.87946287512406
  y: 65.0
  z: 201.00265819199893
  yaw: 188.84125
  pitch: 44.30728
