lastAccountName: Cookie_Kratos
timestamps:
  login: 1432982919087
  lastteleport: 1432983162416
  logout: 1432983432786
ipAddress: 86.153.231.123
lastlocation:
  world: world
  x: -238.4673623567833
  y: 64.0
  z: 129.0081131958026
  yaw: 0.74244624
  pitch: 3.2999582
logoutlocation:
  world: world
  x: -255.7099227190112
  y: 63.0
  z: 244.68414088529366
  yaw: -153.31226
  pitch: 34.199997
