lastAccountName: brved3
timestamps:
  login: 1431665740739
  logout: 1431665916944
ipAddress: 121.223.17.152
lastlocation:
  world: world
  x: -160.578386686476
  y: 38.0
  z: -222.47392464036173
  yaw: 173.2412
  pitch: 1.4999957
logoutlocation:
  world: world
  x: -245.81398348030459
  y: 65.0
  z: 239.73332865000367
  yaw: -288.46152
  pitch: 7.80001
