lastAccountName: darthhorror
timestamps:
  login: 1432271253852
  logout: 1432271272697
ipAddress: 121.215.217.122
lastlocation:
  world: world
  x: -162.5
  y: 64.0
  z: -216.5
  yaw: 0.0
  pitch: 0.0
logoutlocation:
  world: world
  x: -160.0232712046492
  y: 38.0
  z: -220.4682877652058
  yaw: 48.8434
  pitch: -15.621481
