lastAccountName: SmexyTortilla
timestamps:
  login: 1431989366173
  logout: 1431989387755
ipAddress: 66.68.250.101
lastlocation:
  world: world
  x: -162.5
  y: 64.0
  z: -220.5
  yaw: 0.0
  pitch: 0.0
logoutlocation:
  world: world
  x: -160.5
  y: 38.0
  z: -219.5
  yaw: 2.8411865
  pitch: 27.299995
