lastAccountName: SodaDepressedFox
timestamps:
  login: 1432275202954
  lastteleport: 1432275305657
  logout: 1432276323426
ipAddress: 64.111.242.112
lastlocation:
  world: world
  x: -99.12452388417971
  y: 65.0
  z: 76.08385144050422
  yaw: -65.41156
  pitch: 19.64999
logoutlocation:
  world: world
  x: -161.2336940435826
  y: 65.0
  z: 214.5375759074651
  yaw: 62.253326
  pitch: 7.014451
