lastAccountName: Razterr
timestamps:
  login: 1432585207100
  lastteleport: 1432556598137
  logout: 1432585230011
ipAddress: 86.162.14.129
lastlocation:
  world: world
  x: -67.24479255018512
  y: 64.0
  z: 64.57863067614316
  yaw: 166.18834
  pitch: 4.5000086
logoutlocation:
  world: world
  x: -53.265620385330074
  y: 38.0
  z: 250.7082514472319
  yaw: 202.1647
  pitch: -3.019395
