lastAccountName: Batasuarous
timestamps:
  login: 1432845959809
  logout: 1432846004075
ipAddress: 108.217.121.158
lastlocation:
  world: world
  x: -152.5
  y: 65.0
  z: -219.5
  yaw: 0.0
  pitch: 0.0
logoutlocation:
  world: world
  x: -160.406559209321
  y: 38.0
  z: -222.27087209400722
  yaw: -236.55907
  pitch: 6.75001
