lastAccountName: TeskePlays
timestamps:
  login: 1433124266095
  lastteleport: 1433124455639
  logout: 1433124596893
ipAddress: 24.205.16.56
lastlocation:
  world: world
  x: -446.86095533939863
  y: 41.104080378093045
  z: 217.41749001336697
  yaw: -337.66183
  pitch: 16.199997
logoutlocation:
  world: world
  x: -115.7257235672482
  y: 67.28502770378924
  z: 190.43026745915705
  yaw: -127.51001
  pitch: 41.549988
