lastAccountName: TheHawkeyeMC
timestamps:
  login: 1432286615947
  logout: 1432286642759
ipAddress: 110.149.129.53
lastlocation:
  world: world
  x: -164.5
  y: 64.0
  z: -222.5
  yaw: 0.0
  pitch: 0.0
logoutlocation:
  world: world
  x: -160.61696999177073
  y: 38.0
  z: -221.25171857662693
  yaw: -141.0088
  pitch: 4.64999
