lastAccountName: x_Kragonixia_x
timestamps:
  login: 1432286861016
  logout: 1432286905393
ipAddress: 124.191.65.248
lastlocation:
  world: world
  x: -160.95300063311726
  y: 38.0
  z: -222.8499883315667
  yaw: 177.42468
  pitch: 6.085395
logoutlocation:
  world: world
  x: -141.68237422600959
  y: 65.0
  z: 187.63537468855588
  yaw: 305.04294
  pitch: 17.650414
