lastAccountName: sadboys2002
timestamps:
  login: 1431790734129
  logout: 1431790915237
ipAddress: 73.183.142.251
lastlocation:
  world: world
  x: -160.47464195123078
  y: 38.0
  z: -223.2396125322165
  yaw: -180.7247
  pitch: 11.228902
logoutlocation:
  world: world
  x: -149.62147341163688
  y: 65.0
  z: 233.58488637231136
  yaw: 106.882416
  pitch: 12.928514
