lastAccountName: CaptNickSparrow2
timestamps:
  login: 1433176012912
  lastteleport: 1433176036273
  logout: 1433176133990
ipAddress: 24.116.76.211
lastlocation:
  world: world
  x: -160.44613912090506
  y: 38.0
  z: -223.78123348928943
  yaw: -177.74495
  pitch: 16.613022
logoutlocation:
  world: world
  x: -156.2966991941456
  y: 65.0
  z: 196.15571108244114
  yaw: 21.977556
  pitch: 16.00963
