lastAccountName: Bearnye
timestamps:
  login: 1432404462027
  logout: 1432405028791
ipAddress: 162.238.6.83
lastlocation:
  world: world
  x: -160.71598513082017
  y: 38.0
  z: -222.14506348492134
  yaw: -180.75885
  pitch: -0.30000183
logoutlocation:
  world: world
  x: -156.49362413241397
  y: 65.0
  z: 154.78187840232374
  yaw: -0.16171265
  pitch: -0.74999547
