lastAccountName: AstonishingGuy92
timestamps:
  login: 1433241306409
  lastteleport: 1433241440332
  jail: 0
  logout: 1433241480703
ipAddress: 96.246.237.241
lastlocation:
  world: world
  x: -68.2497360233535
  y: 64.0
  z: 66.26913897406871
  yaw: 192.58817
  pitch: 0.9000127
jailed: false
logoutlocation:
  world: world
  x: -49.573227368347034
  y: 36.89231711778161
  z: 230.4474471606606
  yaw: -25.811592
  pitch: 20.249994
