lastAccountName: Bluethebuster
timestamps:
  login: 1432004606673
  logout: 1432004722810
ipAddress: 70.75.139.120
lastlocation:
  world: world
  x: -160.89474627607436
  y: 38.0
  z: -223.27308414465605
  yaw: -171.99438
  pitch: 12.224947
logoutlocation:
  world: world
  x: -157.50111937682914
  y: 65.0
  z: 201.59729981216665
  yaw: -23.998747
  pitch: 75.80708
