lastAccountName: ninja3042
timestamps:
  login: 1433269452983
  lastteleport: 1433268666167
  logout: 1433270425267
ipAddress: 96.59.34.182
lastlocation:
  world: world
  x: -239.57190616240854
  y: 64.0
  z: 130.26124184983144
  yaw: -35.80747
  pitch: 8.508809
money: '1128.0'
logoutlocation:
  world: world
  x: -152.3963721100529
  y: 65.0
  z: 257.6588310787079
  yaw: -143.25928
  pitch: 29.18009
