lastAccountName: Maniax12
timestamps:
  login: 1432519539793
  logout: 1432519544745
ipAddress: 71.190.217.130
lastlocation:
  world: world
  x: -157.5
  y: 65.0
  z: -222.5
  yaw: 0.0
  pitch: 0.0
logoutlocation:
  world: world
  x: -160.5
  y: 38.0
  z: -219.5
  yaw: -194.85889
  pitch: 11.700007
