lastAccountName: keagin456
timestamps:
  login: 1432940382561
  lastteleport: 1432940407172
  logout: 1432940763446
ipAddress: 174.126.153.58
lastlocation:
  world: world
  x: -160.69999998807907
  y: 38.0
  z: -224.2119559059275
  yaw: -357.45886
  pitch: -22.649988
logoutlocation:
  world: world
  x: -217.42359986214012
  y: 50.0
  z: 200.47182357391557
  yaw: 304.89948
  pitch: 2.9999993
