lastAccountName: SilverFoxMDS
timestamps:
  login: 1433126657843
  lastteleport: 1433125514302
  logout: 1433128206253
ipAddress: 97.121.7.119
lastlocation:
  world: world
  x: -66.62283902516769
  y: 64.0
  z: 66.71642698198283
  yaw: 29.838226
  pitch: 3.6000106
money: '1291.5'
logoutlocation:
  world: world
  x: -74.44882535743227
  y: 64.0
  z: 236.07047683476955
  yaw: 68.809326
  pitch: -4.7999935
