lastAccountName: Phil0831
timestamps:
  login: 1433215978558
  logout: 1433216067238
ipAddress: 165.166.241.147
lastlocation:
  world: world
  x: -160.25443511425988
  y: 38.0
  z: -222.1469529958959
  yaw: -183.609
  pitch: 2.4000092
logoutlocation:
  world: world
  x: -156.05470039467136
  y: 65.0
  z: 281.97263188821586
  yaw: -176.71169
  pitch: -0.7499905
