lastAccountName: htrap
timestamps:
  login: 1432272685930
  jail: 0
  lastteleport: 1432273221580
  logout: 1432273244135
ipAddress: 75.37.192.34
lastlocation:
  world: world
  x: -92.07997398006006
  y: 65.0
  z: 216.2990200519659
  yaw: 245.25876
  pitch: -4.1853952
jailed: false
logoutlocation:
  world: world
  x: -69.284180998267
  y: 64.0
  z: 65.84765433402833
  yaw: -100.564514
  pitch: 2.5500197
