lastAccountName: creppervillige
timestamps:
  login: 1432058501606
  jail: 0
  logout: 1432058621267
ipAddress: 159.118.191.248
lastlocation:
  world: world
  x: -192.5
  y: 66.0
  z: 185.5
  yaw: -97.66223
  pitch: -4.774332E-6
godmode: false
jailed: false
logoutlocation:
  world: world
  x: -73.43289890067611
  y: 64.5
  z: 236.70857652903194
  yaw: 68.23854
  pitch: 7.6500025
