lastAccountName: Xando
timestamps:
  login: 1431844654992
  logout: 1431845971227
ipAddress: 73.218.196.222
lastlocation:
  world: world
  x: -160.48487383717656
  y: 38.0
  z: -222.28279668866344
  yaw: 178.94116
  pitch: 4.05002
logoutlocation:
  world: world
  x: -120.6216112090017
  y: 65.5
  z: 240.6443507924007
  yaw: 107.23657
  pitch: 11.100088
