lastAccountName: Kidboys7
timestamps:
  login: 1433209825601
  lastteleport: 1433209885868
  logout: 1433210352212
ipAddress: 96.246.237.241
lastlocation:
  world: world
  x: -160.45248863368315
  y: 38.0
  z: -223.8713763878417
  yaw: -177.30884
  pitch: 3.0000026
logoutlocation:
  world: world
  x: -151.61875445839615
  y: 65.0
  z: 178.859042829236
  yaw: -275.5616
  pitch: 1.3500116
