lastAccountName: jmarshall1202
timestamps:
  login: 1432680516993
  logout: 1432680753187
  lastteleport: 1432680652247
ipAddress: 24.236.36.245
lastlocation:
  world: world
  x: -67.56738242419372
  y: 64.0
  z: 64.62616210378565
  yaw: -171.16167
  pitch: -2.3999844
logoutlocation:
  world: world
  x: -220.6093477065149
  y: 65.0
  z: 202.29499111676344
  yaw: -167.56116
  pitch: 0.8999664
