lastAccountName: NeonPandaz
timestamps:
  login: 1432329456567
  logout: 1432329506590
  lastteleport: 1432306889063
ipAddress: 31.54.50.250
lastlocation:
  world: world
  x: -147.7321321684376
  y: 7.1040803780930375
  z: 347.03987435184825
  yaw: -78.44989
  pitch: 8.763669
logoutlocation:
  world: world
  x: -151.33952462853551
  y: 65.0
  z: 193.7912461867321
  yaw: -293.71558
  pitch: 14.886431
