lastAccountName: pacman9375
timestamps:
  login: 1431962926651
  logout: 1431963110853
ipAddress: 88.203.56.87
lastlocation:
  world: world
  x: -160.47376469033262
  y: 38.0
  z: -222.3024151467171
  yaw: 188.84167
  pitch: 1.499963
logoutlocation:
  world: world
  x: -157.6949216628556
  y: 55.0
  z: 295.41844255641433
  yaw: -1.6684742
  pitch: 30.928682
