lastAccountName: NessaMac
timestamps:
  login: 1432056874641
  logout: 1432057060804
ipAddress: 86.174.133.251
lastlocation:
  world: world
  x: -160.7283889523696
  y: 38.0
  z: -222.47171529494736
  yaw: -184.05879
  pitch: -1.5000111
logoutlocation:
  world: world
  x: -161.27740068253698
  y: 65.0
  z: 223.83621649740653
  yaw: 5.238312
  pitch: 23.999994
