lastAccountName: XxKyleTheNewbxX
timestamps:
  login: 1433205663440
  lastteleport: 1433140845263
  logout: 1433207474548
ipAddress: 70.118.198.63
lastlocation:
  world: world
  x: -239.63587119580612
  y: 64.0
  z: 128.79574031492587
  yaw: -5.2574463
  pitch: 2.39998
logoutlocation:
  world: world
  x: -220.60719922569513
  y: 52.0
  z: 193.30000001192093
  yaw: 359.08795
  pitch: 5.8499956
money: '10500.20000000000000084'
