lastAccountName: BradyMason2004
timestamps:
  login: 1432048099665
  logout: 1432048185567
ipAddress: 71.200.83.151
lastlocation:
  world: world
  x: -160.17702219308558
  y: 38.0
  z: -222.17390138757986
  yaw: -179.42807
  pitch: 1.3499901
logoutlocation:
  world: world
  x: -156.30000001192093
  y: 6.0
  z: 347.30000001192093
  yaw: 61.89267
  pitch: 17.682022
