lastAccountName: Corey1248
timestamps:
  login: 1433211389971
  lastteleport: 1433211654148
  mute: 1433212025477
  logout: 1433211836306
ipAddress: 24.124.56.250
lastlocation:
  world: world
  x: -165.42371236224136
  y: 7.0
  z: 347.3863959228056
  yaw: 90.288666
  pitch: 6.4499936
muted: true
logoutlocation:
  world: world
  x: -121.79874855743915
  y: 65.0
  z: 183.20188430295457
  yaw: -279.61188
  pitch: 83.4
