lastAccountName: iimaul
timestamps:
  login: 1431669793539
  logout: 1431670210375
ipAddress: 159.118.191.248
lastlocation:
  world: world
  x: -160.45609468464437
  y: 38.0
  z: -222.57845661873085
  yaw: 178.49133
  pitch: 3.8999934
logoutlocation:
  world: world
  x: -227.47173895838353
  y: 50.0
  z: 200.30155426085108
  yaw: -87.76172
  pitch: 15.600037
