lastAccountName: Solarmare
timestamps:
  login: 1433213368004
  lastteleport: 1433213435150
  logout: 1433213475097
ipAddress: 24.84.220.60
lastlocation:
  world: world
  x: -160.45102709002686
  y: 38.0
  z: -224.29196097514827
  yaw: 169.0752
  pitch: 33.13419
logoutlocation:
  world: world
  x: -156.92557473279186
  y: 65.0
  z: 239.24476969215007
  yaw: -76.85328
  pitch: 16.987688
