lastAccountName: vios
timestamps:
  login: 1432573958650
  logout: 1432573967515
ipAddress: 50.177.9.204
lastlocation:
  world: world
  x: -163.5
  y: 65.0
  z: -217.5
  yaw: 0.0
  pitch: 0.0
logoutlocation:
  world: world
  x: -159.57071301403008
  y: 38.0
  z: -218.47311001872484
  yaw: 118.00645
  pitch: 86.42296
