lastAccountName: Mr_Skull_Man
timestamps:
  login: 1432562576007
  logout: 1432563149441
  lastteleport: 1432563114129
ipAddress: 173.172.128.135
lastlocation:
  world: world
  x: -162.6999999880791
  y: 65.0
  z: 149.5672915601185
  yaw: 125.80963
  pitch: 36.45001
logoutlocation:
  world: world
  x: -425.69999998807907
  y: 42.0
  z: 169.65354199935186
  yaw: 85.63873
  pitch: 5.700025
money: '6259.893750000000000001'
