lastAccountName: xGoldenPandax
timestamps:
  login: 1432786001549
  lastteleport: 1432786257628
  logout: 1432786291636
ipAddress: 138.229.152.144
lastlocation:
  world: world
  x: -446.9594618381785
  y: 41.0
  z: 216.90122014606084
  yaw: -327.5077
  pitch: 4.5681863
logoutlocation:
  world: world
  x: -155.95737318656026
  y: 65.0
  z: 166.4775358207065
  yaw: 0.28704822
  pitch: 6.6545463
