lastAccountName: Not_Slothias
timestamps:
  login: 1432981117509
  lastteleport: 1432981226627
  logout: 1432981269267
ipAddress: 86.153.231.123
lastlocation:
  world: world
  x: -67.03036852123937
  y: 64.0
  z: 64.58526210064285
  yaw: -197.41171
  pitch: 4.050012
logoutlocation:
  world: world
  x: -177.33329385137034
  y: 65.0
  z: 238.8965420639086
  yaw: 110.83842
  pitch: 1.0500124
