lastAccountName: 1goldenbrownie1
timestamps:
  login: 1432313454311
  lastteleport: 1432317562369
  logout: 1432318370151
  jail: 0
  mute: 0
ipAddress: 71.95.99.53
lastlocation:
  world: world
  x: -156.98059778289914
  y: 7.0
  z: 356.28477121671114
  yaw: 347.2605
  pitch: 3.600017
money: '2828.371885000000000051'
logoutlocation:
  world: world
  x: -63.97923070729468
  y: 52.0
  z: 404.69999998807907
  yaw: -102.46277
  pitch: -56.099983
jailed: false
muted: false
