lastAccountName: FlamingArcher54
timestamps:
  login: 1432261824359
  logout: 1432261881688
ipAddress: 66.68.250.186
lastlocation:
  world: world
  x: -160.75100684844205
  y: 38.0
  z: -222.96573307724572
  yaw: 184.79126
  pitch: 8.549997
logoutlocation:
  world: world
  x: -110.73357806595963
  y: 66.0
  z: 175.77313946815303
  yaw: 80.538666
  pitch: 21.750017
