lastAccountName: juliagracy
timestamps:
  login: 1433267468521
  lastteleport: 1433268565241
  logout: 1433270422745
ipAddress: 65.32.143.75
lastlocation:
  world: world
  x: -156.41254707198732
  y: 7.0
  z: 357.4363460584158
  yaw: 6.0620117
  pitch: 2.5404756
money: '1093.5'
logoutlocation:
  world: world
  x: -211.10190968966833
  y: 62.0
  z: 245.5003827948892
  yaw: 60.468018
  pitch: 18.9678
