lastAccountName: stewieboy3204
timestamps:
  login: 1432481075699
  logout: 1432481171979
ipAddress: 70.171.240.193
lastlocation:
  world: world
  x: -161.5
  y: 65.0
  z: -221.5
  yaw: 0.0
  pitch: 0.0
logoutlocation:
  world: world
  x: -159.90674507737236
  y: 38.0
  z: -218.37651771360197
  yaw: -104.53378
  pitch: 80.32614
