lastAccountName: TrystonHD
timestamps:
  login: 1432281640484
  lastteleport: 1432281671744
  logout: 1432281683310
ipAddress: 50.65.8.196
lastlocation:
  world: world
  x: -162.32398682561936
  y: 65.0
  z: 165.14706234084022
  yaw: 79.938354
  pitch: 56.54999
logoutlocation:
  world: world
  x: -68.13632378891683
  y: 64.0
  z: 65.48750089015812
  yaw: -277.2116
  pitch: 14.2500105
