lastAccountName: GEORGE132222222
timestamps:
  login: 1432956556332
  logout: 1432957109958
  lastteleport: 1432318464213
ipAddress: 2.49.141.58
lastlocation:
  world: world
  x: -165.26756357552523
  y: 7.0
  z: 347.44208229074144
  yaw: 91.91469
  pitch: 3.0388863
logoutlocation:
  world: world
  x: -263.8704708068111
  y: 64.0
  z: 235.56616712949776
  yaw: 268.01343
  pitch: -11.742498
