lastAccountName: Manmuu
timestamps:
  login: 1432424636687
  lastteleport: 1432320248834
  logout: 1432425155941
ipAddress: 24.60.152.209
lastlocation:
  world: world
  x: -67.65662574431374
  y: 64.0
  z: 64.7796914841626
  yaw: -177.46165
  pitch: 3.6000128
money: '2235.562500000000000002'
logoutlocation:
  world: world
  x: -158.1778135853055
  y: 65.0
  z: 254.0112866614557
  yaw: -253.7367
  pitch: -7.329908
