lastAccountName: dhthekidrs
timestamps:
  login: 1432675368920
  logout: 1432675444835
ipAddress: 70.194.140.252
lastlocation:
  world: world
  x: -153.5
  y: 65.0
  z: -223.5
  yaw: 0.0
  pitch: 0.0
logoutlocation:
  world: world
  x: -160.87423992610587
  y: 38.0
  z: -222.90126054624866
  yaw: 198.59114
  pitch: 10.050034
