lastAccountName: Rkwan1992
timestamps:
  login: 1432408715281
  lastteleport: 1432408841033
  logout: 1432408943629
ipAddress: 108.54.79.178
lastlocation:
  world: world
  x: -68.0124872504704
  y: 64.0
  z: 64.95825066922939
  yaw: 348.07416
  pitch: 3.4753082
logoutlocation:
  world: world
  x: -58.69999998807907
  y: 48.0
  z: 234.84756155161932
  yaw: -109.70268
  pitch: 15.12164
