lastAccountName: madmarshall5757
timestamps:
  login: 1432280051652
  logout: 1432280640310
ipAddress: 77.97.105.163
lastlocation:
  world: world
  x: -160.1906166261547
  y: 38.0
  z: -222.0136871936597
  yaw: 179.1932
  pitch: -1.8835247
logoutlocation:
  world: world
  x: -116.08210464017274
  y: 65.0
  z: 183.44161349716245
  yaw: 281.08826
  pitch: 11.452055
