lastAccountName: philipjykim
timestamps:
  login: 1432334645849
  logout: 1432334649400
ipAddress: 12.227.110.118
lastlocation:
  world: world
  x: -161.55016286245817
  y: 38.0
  z: -221.80479663577714
  yaw: -150.45897
  pitch: 2.6999874
logoutlocation:
  world: world
  x: -151.32376342725178
  y: 65.0
  z: 234.08874685828442
  yaw: -70.96168
  pitch: 13.199965
