lastAccountName: iiRed
timestamps:
  login: 1432404464929
  logout: 1432405223833
ipAddress: 50.88.232.39
lastlocation:
  world: world
  x: -160.40079840817697
  y: 38.0
  z: -222.14908200153988
  yaw: -180.69507
  pitch: 1.9644128
logoutlocation:
  world: world
  x: -123.19590540468721
  y: 66.5
  z: 191.96607786785717
  yaw: 83.358215
  pitch: 20.572802
