lastAccountName: bweaver923
timestamps:
  login: 1432331598564
  logout: 1432332023861
ipAddress: 73.49.167.130
lastlocation:
  world: world
  x: -160.79425980681316
  y: 38.0
  z: -222.10220233376594
  yaw: -169.20845
  pitch: 1.1999991
logoutlocation:
  world: world
  x: -257.69999998807907
  y: 44.0
  z: 224.3000000119209
  yaw: 349.34207
  pitch: 10.800303
