lastAccountName: G0dlyCha0s
timestamps:
  login: 1432939509425
  lastteleport: 1432856533399
  logout: 1432939602441
ipAddress: 67.191.205.178
lastlocation:
  world: world
  x: -95.66640271162592
  y: 63.0
  z: 346.5950917087132
  yaw: -85.06172
  pitch: -4.1999936
logoutlocation:
  world: world
  x: -159.52771587070183
  y: 65.0
  z: 217.54943530745604
  yaw: 0.13828012
  pitch: -10.199996
