lastAccountName: SpicyLogic
timestamps:
  login: 1432560427733
  logout: 1432560681034
ipAddress: 73.10.149.54
lastlocation:
  world: world
  x: -160.55832621231053
  y: 38.0
  z: -222.42869785645857
  yaw: 179.39105
  pitch: 2.5499945
logoutlocation:
  world: world
  x: -191.02102753783376
  y: 55.0
  z: 347.4669107963571
  yaw: 89.50375
  pitch: 15.172694
