lastAccountName: bite_me_skittles
timestamps:
  login: 1433117696189
  lastteleport: 1433117786036
  logout: 1433117826435
ipAddress: 69.133.68.40
lastlocation:
  world: world
  x: -238.8495622849386
  y: 64.0
  z: 129.36005109710615
  yaw: -4.057538
  pitch: 3.8999507
logoutlocation:
  world: world
  x: -134.6623031623185
  y: 55.0
  z: 347.49167338388474
  yaw: 271.03827
  pitch: -8.850001
