lastAccountName: yolo4241
timestamps:
  login: 1433209778263
  lastteleport: 1433209874045
  logout: 1433210006233
ipAddress: 216.195.173.211
lastlocation:
  world: world
  x: -104.41995499646221
  y: 65.0
  z: 217.04388533335194
  yaw: 141.73827
  pitch: -0.8999996
logoutlocation:
  world: world
  x: -67.5
  y: 64.0
  z: 65.5
  yaw: -268.06155
  pitch: 7.50001
