lastAccountName: hockeycreeper22
timestamps:
  login: 1432677410037
  logout: 1432677573626
ipAddress: 173.49.243.205
lastlocation:
  world: world
  x: -158.75330197062598
  y: 38.0
  z: -219.22364697553542
  yaw: 88.64126
  pitch: 12.900006
logoutlocation:
  world: world
  x: -155.89809430857906
  y: 67.0
  z: 186.06948237702085
  yaw: -39.46161
  pitch: 72.00003
