lastAccountName: helldude308
timestamps:
  login: 1433133333724
  lastteleport: 1433133378334
  logout: 1433133403499
ipAddress: 67.174.63.40
lastlocation:
  world: world
  x: -239.37886833464742
  y: 64.0
  z: 129.48033745400144
  yaw: -19.623638
  pitch: 0.9389461
logoutlocation:
  world: world
  x: -157.88512050937447
  y: 65.0
  z: 237.73134011065733
  yaw: 77.88615
  pitch: 61.37507
