lastAccountName: dragon90
timestamps:
  login: 1432676744819
  logout: 1432676843083
ipAddress: 86.21.33.181
lastlocation:
  world: world
  x: -169.5
  y: 65.0
  z: -221.5
  yaw: 0.0
  pitch: 0.0
logoutlocation:
  world: world
  x: -161.38102742507462
  y: 38.0
  z: -223.35904517538333
  yaw: -138.159
  pitch: 9.30005
