lastAccountName: Iam_Broseidon
timestamps:
  login: 1433091232314
  logout: 1433091261218
  lastteleport: 1432694836362
ipAddress: 76.224.211.30
lastlocation:
  world: world
  x: -38.413784437195886
  y: 64.0
  z: 288.4075746620267
  yaw: -230.4148
  pitch: 4.1999764
money: '1069.901562500000000012'
logoutlocation:
  world: world
  x: -220.07615176584554
  y: 65.5
  z: 245.0048798595407
  yaw: 277.33884
  pitch: 42.60011
