lastAccountName: Seeya
timestamps:
  login: 1432278263898
  logout: 1432278394248
ipAddress: 122.61.91.112
lastlocation:
  world: world
  x: -160.4191986851934
  y: 38.0
  z: -223.69999998807907
  yaw: 190.79112
  pitch: 10.499982
logoutlocation:
  world: world
  x: -59.486788253109005
  y: 35.0
  z: 256.5485994046039
  yaw: 150.28825
  pitch: 86.85
