lastAccountName: MewMMG
timestamps:
  login: 1432272367041
  logout: 1432272803814
ipAddress: 67.210.184.237
lastlocation:
  world: world
  x: -161.0888638800647
  y: 38.0
  z: -220.45599884768478
  yaw: -170.70514
  pitch: 1.3986948
logoutlocation:
  world: world
  x: -158.4848622058111
  y: 65.0
  z: 223.5563495575306
  yaw: 1.5429705
  pitch: -21.741951
