lastAccountName: wildharryman
timestamps:
  login: 1433209329260
  lastteleport: 1433209339722
  logout: 1433209350729
ipAddress: 69.127.247.206
lastlocation:
  world: world
  x: -160.38691378438205
  y: 38.0
  z: -223.71584747976627
  yaw: -186.00885
  pitch: 6.300001
logoutlocation:
  world: world
  x: -154.86124286677517
  y: 65.0
  z: 180.29655040708622
  yaw: -6.011712
  pitch: -5.9999943
