lastAccountName: tornado241
timestamps:
  login: 1432379491988
  logout: 1432379663471
  lastteleport: 1432293774722
ipAddress: 78.101.127.166
lastlocation:
  world: world
  x: -74.90381131667533
  y: 65.0
  z: 239.07410511357958
  yaw: 242.23438
  pitch: 27.599987
money: '484.857812500000000012'
logoutlocation:
  world: world
  x: 7.3014513068007725
  y: 65.0
  z: 326.4727837675926
  yaw: -232.80896
  pitch: 44.699997
