lastAccountName: Scootis926
timestamps:
  login: 1432428354511
  lastteleport: 1432428407401
  logout: 1432428437738
ipAddress: 73.189.176.41
lastlocation:
  world: world
  x: -239.19424061395512
  y: 64.0
  z: 128.61533040670244
  yaw: -15.607483
  pitch: -1.6500218
logoutlocation:
  world: world
  x: -161.88298998725116
  y: 65.0
  z: 236.1333365554182
  yaw: -4.061706
  pitch: 31.050001
