lastAccountName: iambeastallday1
timestamps:
  login: 1432952251178
  lastteleport: 1432952258285
  logout: 1432952392376
ipAddress: 27.99.26.151
lastlocation:
  world: world
  x: -160.48315416101832
  y: 38.0
  z: -223.95361904838452
  yaw: 179.84114
  pitch: 0.7500036
logoutlocation:
  world: world
  x: -245.09144488487593
  y: 65.0
  z: 240.08569707949127
  yaw: 271.7871
  pitch: -0.8999894
