lastAccountName: JaMamDiaxy
timestamps:
  login: 1432319274528
  lastteleport: 1432319300130
  logout: 1432319418332
ipAddress: 213.66.80.81
lastlocation:
  world: world
  x: -67.52135253897734
  y: 64.0
  z: 66.82225495976164
  yaw: -11.004583
  pitch: -1.7030525
logoutlocation:
  world: world
  x: -167.20376458601626
  y: 65.0
  z: 179.73981151790187
  yaw: 40.352173
  pitch: 5.4882455
