lastAccountName: Schemes
timestamps:
  login: 1433262950563
  logout: 1433263266015
ipAddress: 70.210.48.230
lastlocation:
  world: world
  x: -160.54163215685162
  y: 38.0
  z: -222.40768756543372
  yaw: 181.7309
  pitch: 8.09588
logoutlocation:
  world: world
  x: -121.85465128902007
  y: 66.0
  z: 189.2400865502691
  yaw: -321.96594
  pitch: 19.987381
