lastAccountName: PeepingTom
timestamps:
  login: 1432009501066
  lastteleport: 1432009600815
  logout: 1432009825504
ipAddress: 124.190.148.33
lastlocation:
  world: world
  x: -106.11131056804903
  y: 65.0
  z: 69.28022230586376
  yaw: -214.07526
  pitch: 9.697689
logoutlocation:
  world: world
  x: -151.08819804711266
  y: 7.0
  z: 347.29598316297944
  yaw: -269.3017
  pitch: 2.8977127
