lastAccountName: l4pisl4zuli
timestamps:
  login: 1432322044662
  lastteleport: 1432324361761
  logout: 1432324753779
ipAddress: 76.16.85.124
lastlocation:
  world: world
  x: -66.23798463203495
  y: 64.0
  z: 65.1271705728891
  yaw: -216.61174
  pitch: 1.2000085
logoutlocation:
  world: world
  x: -95.08767999525237
  y: 65.0
  z: 247.26437633799702
  yaw: -8.113403
  pitch: 22.19999
