lastAccountName: Spermophobia
timestamps:
  login: 1433125530980
  lastteleport: 1433125560031
  logout: 1433125897348
ipAddress: 72.220.97.74
lastlocation:
  world: world
  x: -160.56086873568998
  y: 38.0
  z: -224.304370214127
  yaw: -182.51639
  pitch: 3.002657
logoutlocation:
  world: world
  x: -190.61291452532646
  y: 66.0
  z: 236.7047806439335
  yaw: -74.400635
  pitch: 8.26066
