lastAccountName: GodOfMuff
timestamps:
  login: 1432284377375
  logout: 1432284574500
ipAddress: 121.211.16.4
lastlocation:
  world: world
  x: -160.17038666827796
  y: 38.0
  z: -222.67246434884467
  yaw: 173.84116
  pitch: 5.84999
logoutlocation:
  world: world
  x: -280.4233771304125
  y: 64.0
  z: 249.27852491054995
  yaw: -95.71088
  pitch: 8.550055
