lastAccountName: Pickle131
timestamps:
  login: 1432524637305
  logout: 1432524649108
ipAddress: 75.97.66.8
lastlocation:
  world: world
  x: -160.68760871798085
  y: 38.0
  z: -222.75015146629644
  yaw: 180.7622
  pitch: 3.0957093
logoutlocation:
  world: world
  x: -157.17385519546582
  y: 65.0
  z: 181.0365080061218
  yaw: 97.47157
  pitch: -11.049751
