lastAccountName: jourdon99
timestamps:
  login: 1432271642336
  lastteleport: 1432271781619
  logout: 1432271875656
ipAddress: 24.158.212.158
lastlocation:
  world: world
  x: -67.875412631022
  y: 64.0
  z: 65.16012135288229
  yaw: -7.9162292
  pitch: 1.699621
logoutlocation:
  world: world
  x: -45.81898843832745
  y: 68.0
  z: 250.01068495705107
  yaw: -47.424744
  pitch: 11.512307
