lastAccountName: Horny_Platypus
timestamps:
  login: 1432837040817
  logout: 1432837141451
ipAddress: 80.192.111.173
lastlocation:
  world: world
  x: -159.5
  y: 65.0
  z: -236.5
  yaw: 0.0
  pitch: 0.0
logoutlocation:
  world: world
  x: -159.3890823823316
  y: 38.0
  z: -219.42381188143213
  yaw: 222.14136
  pitch: 27.30001
