lastAccountName: pT_Snow
timestamps:
  login: 1432943200491
  lastteleport: 1432943226732
  logout: 1432943390193
ipAddress: 98.221.45.204
lastlocation:
  world: world
  x: -67.5
  y: 64.0
  z: 65.5
  yaw: -1.3621826
  pitch: 6.5655727
logoutlocation:
  world: world
  x: -157.4262106649112
  y: 65.0
  z: 410.4776263630164
  yaw: 1.029541
  pitch: 5.125576
