lastAccountName: xPenguinHD
timestamps:
  login: 1431997714749
  logout: 1432002048388
  lastteleport: 1432001838438
ipAddress: 98.220.151.155
lastlocation:
  world: world
  x: -96.73490044807536
  y: 65.0
  z: 65.6581097566281
  yaw: 227.83849
  pitch: 48.44998
money: '64.05'
logoutlocation:
  world: world
  x: -155.11985541387543
  y: 65.0
  z: 197.4769436877134
  yaw: 167.68831
  pitch: 15.900007
