lastAccountName: Cobblestone172
timestamps:
  login: 1432316376102
  lastteleport: 1432314489523
  logout: 1432317847410
ipAddress: 98.30.55.245
lastlocation:
  world: world
  x: -68.01758033157347
  y: 64.0
  z: 66.49783538509878
  yaw: -22.661774
  pitch: 10.800008
money: '749.0'
logoutlocation:
  world: world
  x: -156.5052518619632
  y: 65.0
  z: 159.1736977807419
  yaw: -0.76171273
  pitch: 30.75
