lastAccountName: DragonKing1092
timestamps:
  login: 1433210419486
  lastteleport: 1433210434143
  logout: 1433210935464
ipAddress: 60.52.51.10
lastlocation:
  world: world
  x: -160.4071532350416
  y: 38.0
  z: -223.94035721159378
  yaw: -174.15924
  pitch: 9.210926
money: '83.30000000000000004'
logoutlocation:
  world: world
  x: -99.3773442279196
  y: 65.0
  z: 226.2590938050867
  yaw: -167.25954
  pitch: 61.22761
