lastAccountName: Flab
timestamps:
  login: 1431794122926
  lastteleport: 1431793685682
  logout: 1431794307047
ipAddress: 65.28.249.25
lastlocation:
  world: world
  x: -156.53576387164082
  y: 7.0
  z: 337.32167493379507
  yaw: 182.23853
  pitch: 7.0499825
logoutlocation:
  world: world
  x: -122.59330782178836
  y: 66.0
  z: 239.3207285443361
  yaw: -89.26169
  pitch: 12.300001
