lastAccountName: AldoTacosChorizo
timestamps:
  login: 1433192291688
  lastteleport: 1433192629239
  logout: 1433192795018
ipAddress: 187.241.72.171
lastlocation:
  world: world
  x: -239.48957120045088
  y: 64.0
  z: 129.21988784523094
  yaw: 6.283735
  pitch: -18.939703
money: '3.8000000000000014'
logoutlocation:
  world: world
  x: -46.89697385954415
  y: 65.0
  z: 425.23949440034846
  yaw: 158.31618
  pitch: 6.5118456
