lastAccountName: MunchBumDip
timestamps:
  login: 1432292582410
  logout: 1432292619768
ipAddress: 94.204.75.70
lastlocation:
  world: world
  x: -160.5
  y: 64.0
  z: -224.5
  yaw: 0.0
  pitch: 0.0
logoutlocation:
  world: world
  x: -161.15880196742174
  y: 38.0
  z: -218.47090345043358
  yaw: 26.924313
  pitch: 32.072018
