lastAccountName: DocBrown2015
timestamps:
  login: 1432856492962
  lastteleport: 1432856522835
  logout: 1432856562249
ipAddress: 99.74.175.27
lastlocation:
  world: world
  x: -99.20750231495497
  y: 65.0
  z: 75.38466504285337
  yaw: -55.361446
  pitch: 11.099981
logoutlocation:
  world: world
  x: -114.08292247307548
  y: 65.0
  z: 325.13749998807907
  yaw: 30.738274
  pitch: 28.050014
