lastAccountName: CraftBandit05
timestamps:
  login: 1433062933313
  lastteleport: 1433063039444
  logout: 1433063203499
ipAddress: 68.96.181.247
lastlocation:
  world: world
  x: -239.05301461770597
  y: 64.0
  z: 129.45305849853236
  yaw: -14.257477
  pitch: 3.5999477
logoutlocation:
  world: world
  x: -154.99491691237088
  y: 65.0
  z: 268.44810543129546
  yaw: 193.3383
  pitch: 7.5000105
