lastAccountName: 0Constance0
timestamps:
  login: 1433362733071
  lastteleport: 1432935509072
  logout: 1433362821539
ipAddress: 73.218.196.222
lastlocation:
  world: world
  x: -67.32393772519832
  y: 64.0
  z: 65.33335166128695
  yaw: -178.96165
  pitch: 2.2500079
money: '363.5'
logoutlocation:
  world: world
  x: -113.78367440119804
  y: 65.0
  z: 183.41469273300564
  yaw: -91.36231
  pitch: 23.700035
