lastAccountName: Rubber_Matt
timestamps:
  login: 1433064415302
  lastteleport: 1433064431867
  logout: 1433064436376
ipAddress: 109.79.0.160
lastlocation:
  world: world
  x: -160.51655041484366
  y: 38.0
  z: -223.94355984013228
  yaw: 180.71596
  pitch: 2.8677619
logoutlocation:
  world: world
  x: -156.46503279488388
  y: 64.5
  z: 153.74926007035742
  yaw: -1.1813544
  pitch: 0.19121231
