lastAccountName: spotakisses
timestamps:
  login: 1431973715165
  logout: 1431973717315
ipAddress: 86.148.176.170
lastlocation:
  world: world
  x: -156.5
  y: 64.0
  z: -219.5
  yaw: 0.0
  pitch: 0.0
logoutlocation:
  world: world
  x: -160.5
  y: 38.0
  z: -219.5
  yaw: -48.20174
  pitch: 13.312732
