lastAccountName: joshua8589
timestamps:
  login: 1431895507447
  logout: 1431895670877
ipAddress: 67.187.137.246
lastlocation:
  world: world
  x: -160.3941585037706
  y: 38.0
  z: -222.69212568997077
  yaw: 181.94965
  pitch: 3.5090284
logoutlocation:
  world: world
  x: -208.03811634566915
  y: 55.0
  z: 345.92538708569685
  yaw: 281.8488
  pitch: 3.6708539
