lastAccountName: megamax600
timestamps:
  login: 1432506898990
  lastteleport: 1432507084692
  logout: 1432507245364
ipAddress: 23.125.138.59
lastlocation:
  world: world
  x: -67.81357113500196
  y: 64.0
  z: 67.05649727714177
  yaw: -6.138825
  pitch: 6.85081
logoutlocation:
  world: world
  x: -211.3166006287108
  y: 62.0
  z: 262.65679924611277
  yaw: 45.806763
  pitch: 33.475197
