lastAccountName: sydneyeng123
timestamps:
  login: 1433295237298
  lastteleport: 1433295316384
  logout: 1433295382046
ipAddress: 96.230.114.113
lastlocation:
  world: world
  x: -239.54309029132128
  y: 64.0
  z: 128.59934433702398
  yaw: -17.189877
  pitch: 3.4687634
logoutlocation:
  world: world
  x: -218.0144610458157
  y: 50.0
  z: 199.69999998807907
  yaw: -19.51297
  pitch: 28.343863
