lastAccountName: AdventurerAlexis
timestamps:
  login: 1432504530110
  logout: 1432505554390
ipAddress: 70.117.241.176
lastlocation:
  world: world
  x: -161.40318776377802
  y: 38.0
  z: -222.6277434190953
  yaw: 220.43622
  pitch: 1.0994437
logoutlocation:
  world: world
  x: -156.51966361516162
  y: 65.0
  z: 201.9405107404301
  yaw: -131.74423
  pitch: -11.839098
