lastAccountName: 49erKid
timestamps:
  login: 1432076379470
  logout: 1432076603246
ipAddress: 76.169.24.128
lastlocation:
  world: world
  x: -160.23530433016447
  y: 38.0
  z: -222.76099710836635
  yaw: 173.18889
  pitch: 10.0398035
logoutlocation:
  world: world
  x: -160.16244342973468
  y: 65.0
  z: 190.843032110432
  yaw: -70.15762
  pitch: 18.627304
