lastAccountName: VinnieH01
timestamps:
  login: 1432284516225
  logout: 1432284544480
ipAddress: 81.227.179.107
lastlocation:
  world: world
  x: -165.5
  y: 64.0
  z: -216.5
  yaw: 0.0
  pitch: 0.0
logoutlocation:
  world: world
  x: -161.22375639691256
  y: 38.0
  z: -220.346241670959
  yaw: -26.408775
  pitch: 90.0
