lastAccountName: gzZacko
timestamps:
  login: 1432680580608
  logout: 1432680665582
ipAddress: 82.18.166.40
lastlocation:
  world: world
  x: -159.91595862788367
  y: 38.0
  z: -222.43135523549697
  yaw: -195.00154
  pitch: 7.1527405
logoutlocation:
  world: world
  x: -220.69999998807907
  y: 66.5
  z: 195.11714838527567
  yaw: 26.647278
  pitch: -2.3988185
