lastAccountName: Vikingds
timestamps:
  login: 1433211886899
  lastteleport: 1433211893204
  mute: 1433213113189
  logout: 1433211933907
ipAddress: 24.124.56.250
lastlocation:
  world: world
  x: -160.50578770175343
  y: 38.0
  z: -223.98301945356204
  yaw: -180.15886
  pitch: 0.7500036
muted: true
logoutlocation:
  world: world
  x: -156.24240338088572
  y: 65.0
  z: 190.42268664639002
  yaw: -2.111716
  pitch: 41.25
