lastAccountName: redude111
timestamps:
  login: 1432475945221
  lastteleport: 1432476083435
  logout: 1432476089985
ipAddress: 70.199.3.217
lastlocation:
  world: world
  x: -151.76812478790694
  y: 65.0
  z: -300.78371623415796
  yaw: -159.76135
  pitch: 37.94999
logoutlocation:
  world: world
  x: -156.5
  y: 63.019999980926485
  z: 149.5
  yaw: 0.28828734
  pitch: -0.89999545
