lastAccountName: ThePuffinMuffin
timestamps:
  login: 1432508383934
  logout: 1432508727349
ipAddress: 107.202.177.81
lastlocation:
  world: world
  x: -160.69949209808198
  y: 38.0
  z: -223.1098273504782
  yaw: -173.55896
  pitch: 0.45000067
logoutlocation:
  world: world
  x: -180.2956975005834
  y: 65.0
  z: 240.86397139592015
  yaw: -80.985504
  pitch: 6.8999963
