lastAccountName: CarlosTheTacos
timestamps:
  login: 1431810400923
  logout: 1431810755342
ipAddress: 86.148.176.170
lastlocation:
  world: world
  x: -160.54518855282112
  y: 38.0
  z: -223.13178474191093
  yaw: -178.56755
  pitch: 2.951301
logoutlocation:
  world: world
  x: -152.23814233789673
  y: 65.0
  z: 196.28395104772818
  yaw: 60.876526
  pitch: 21.291561
