lastAccountName: Shmootzi
timestamps:
  login: 1433281847647
  logout: 1433281851147
ipAddress: 65.28.249.25
lastlocation:
  world: world
  x: -160.18201940495211
  y: 38.0
  z: -222.42874113617702
  yaw: 169.19312
  pitch: 5.4000545
logoutlocation:
  world: world
  x: -201.6252729880191
  y: 65.0
  z: 238.65772625710147
  yaw: 221.3466
  pitch: 35.55226
