lastAccountName: Vokument
timestamps:
  login: 1432319008736
  logout: 1432319448336
ipAddress: 67.193.210.91
lastlocation:
  world: world
  x: -160.5615262403568
  y: 38.0
  z: -223.24990084745932
  yaw: -178.9588
  pitch: 13.799991
logoutlocation:
  world: world
  x: -225.14505613969493
  y: 65.0
  z: 228.74263951755137
  yaw: 94.48831
  pitch: 40.94998
