lastAccountName: geckogecky
timestamps:
  login: 1433210931103
  lastteleport: 1433211178086
  logout: 1433211290983
ipAddress: 181.139.179.239
lastlocation:
  world: world
  x: -150.64609136110616
  y: 65.0
  z: 149.87101156264632
  yaw: -2.0929255
  pitch: 5.4727817
logoutlocation:
  world: world
  x: -35.42252849244456
  y: 69.0
  z: -181.67439504461547
  yaw: -255.3139
  pitch: 17.572529
