lastAccountName: DrEnderPickles
timestamps:
  login: 1432315917397
  logout: 1432316676943
ipAddress: 96.60.183.24
lastlocation:
  world: world
  x: -160.84535656350369
  y: 38.0
  z: -222.848806500488
  yaw: 181.64117
  pitch: 5.0999756
logoutlocation:
  world: world
  x: -156.95262467681673
  y: 65.0
  z: 283.0491769737433
  yaw: -181.51031
  pitch: 5.099941
