lastAccountName: BrentGamerJ7
timestamps:
  login: 1433235615481
  lastteleport: 1433236149295
  logout: 1433236150495
ipAddress: 68.231.28.170
lastlocation:
  world: world
  x: -151.27174284931698
  y: 64.5
  z: -300.2177172766285
  yaw: 175.78986
  pitch: 16.199982
logoutlocation:
  world: world
  x: -156.54759857323734
  y: 64.0
  z: 151.147353396244
  yaw: -0.011712158
  pitch: 12.600002
