lastAccountName: tscknights
timestamps:
  login: 1432167576145
  logout: 1432168117043
ipAddress: 68.14.131.223
lastlocation:
  world: world
  x: -160.43780172526021
  y: 38.0
  z: -221.76345123192345
  yaw: -183.90485
  pitch: 3.6316
logoutlocation:
  world: world
  x: -199.1705719771054
  y: 65.0
  z: 238.3615238369343
  yaw: 272.3069
  pitch: 6.9780226
