lastAccountName: Hacker1702
timestamps:
  login: 1433117025968
  logout: 1433117122457
ipAddress: 192.241.130.215
lastlocation:
  world: world
  x: -174.5
  y: 65.0
  z: -213.5
  yaw: 0.0
  pitch: 0.0
logoutlocation:
  world: world
  x: -160.2539108378978
  y: 38.0
  z: -219.83559185145094
  yaw: 279.73737
  pitch: 12.727904
