lastAccountName: SexySwagMaster
timestamps:
  login: 1431873119494
  logout: 1431873655529
  lastteleport: 1431873368522
ipAddress: 96.234.173.13
lastlocation:
  world: world
  x: -146.91908908925652
  y: 7.0
  z: 348.20683354019127
  yaw: -103.349724
  pitch: 5.5500164
money: '54.0156250'
logoutlocation:
  world: world
  x: -212.16785393873255
  y: 50.0
  z: 201.04271311643615
  yaw: -288.61395
  pitch: 11.100056
