lastAccountName: bugbug791
timestamps:
  login: 1433166981248
  lastteleport: 1433166997363
  logout: 1433167043846
ipAddress: 74.166.26.241
lastlocation:
  world: world
  x: -160.52666046016384
  y: 38.0
  z: -223.97953133941715
  yaw: -179.70914
  pitch: 7.950005
logoutlocation:
  world: world
  x: -156.90391477763572
  y: 65.0
  z: 281.41910856100264
  yaw: -170.71169
  pitch: 11.70001
