lastAccountName: ptitjo97
timestamps:
  login: 1432607563449
  lastteleport: 1432608114734
  logout: 1432608999090
ipAddress: 24.212.51.3
lastlocation:
  world: world
  x: -67.39130852599459
  y: 64.0
  z: 64.337187921039
  yaw: -174.7616
  pitch: 9.45001
logoutlocation:
  world: world
  x: -100.3876901190346
  y: 65.0
  z: 238.9981741964251
  yaw: -266.72256
  pitch: 11.700104
