lastAccountName: YuGi
timestamps:
  login: 1432279385607
  logout: 1432279462260
ipAddress: 49.195.0.168
lastlocation:
  world: world
  x: -159.53257996566796
  y: 38.0
  z: -221.66616570139348
  yaw: 161.13892
  pitch: 4.800012
logoutlocation:
  world: world
  x: -157.14880068543127
  y: 55.0
  z: 314.95469750365817
  yaw: -339.61172
  pitch: 43.199978
