lastAccountName: EchoVision
timestamps:
  login: 1432406248390
  lastteleport: 1432406665107
ipAddress: 104.228.137.92
lastlocation:
  world: world
  x: -106.09168082929006
  y: 65.0
  z: 66.30163811812534
  yaw: 109.149445
  pitch: 22.640724
money: '0.00625'
