lastAccountName: Bigsock321
timestamps:
  login: 1432963897838
  lastteleport: 1432964018435
  logout: 1432964304494
ipAddress: 219.89.125.157
lastlocation:
  world: world
  x: -106.61986117939644
  y: 65.0
  z: 75.26417467670878
  yaw: -317.2614
  pitch: 18.000021
logoutlocation:
  world: world
  x: -266.86366536004505
  y: 64.0
  z: 237.03361330887356
  yaw: 252.8916
  pitch: 12.150011
