lastAccountName: Redbunniez
timestamps:
  login: 1432156081114
  lastteleport: 1432173365880
  logout: 1432174301203
ipAddress: 50.242.48.178
lastlocation:
  world: world
  x: -97.12598261988421
  y: 65.0
  z: 76.50654122347099
  yaw: -37.189926
  pitch: 38.3784
money: '3017.99'
logoutlocation:
  world: world
  x: -156.37706970673958
  y: 65.0
  z: 200.73588608534806
  yaw: 175.13196
  pitch: 8.899194
