lastAccountName: zachass
timestamps:
  login: 1432276846662
  logout: 1432277966531
ipAddress: 50.171.150.97
lastlocation:
  world: world
  x: -160.59484638942186
  y: 38.0
  z: -222.09486664744693
  yaw: 181.49124
  pitch: 4.6499925
money: '175.5'
logoutlocation:
  world: world
  x: -79.36937087034516
  y: 65.0
  z: 238.63165527915643
  yaw: -274.0628
  pitch: 16.950054
