lastAccountName: DaThreeLeggedMan
timestamps:
  login: 1433404344698
  lastteleport: 1433239804252
  logout: 1433404388061
ipAddress: 121.220.122.11
lastlocation:
  world: world
  x: -67.7297395686048
  y: 64.0
  z: 65.10192077064355
  yaw: 346.35883
  pitch: 4.506618
logoutlocation:
  world: world
  x: -166.68680309224212
  y: 65.0
  z: 229.39099437185098
  yaw: 243.62628
  pitch: 3.6132898
