lastAccountName: Compliance
timestamps:
  login: 1433208006686
  lastteleport: 1433208076712
  logout: 1433208082544
ipAddress: 66.229.134.164
lastlocation:
  world: world
  x: -239.33190039211414
  y: 64.0
  z: 127.83299454231644
  yaw: 3.4422953
  pitch: 1.499964
logoutlocation:
  world: world
  x: -156.50634578302925
  y: 64.0
  z: 151.98218515937398
  yaw: 0.43828735
  pitch: -0.4499955
