lastAccountName: Thecatalyst27810
timestamps:
  login: 1431873096437
  logout: 1431873778048
ipAddress: 96.234.173.13
lastlocation:
  world: world
  x: -160.29919815692756
  y: 38.0
  z: -222.32584800415273
  yaw: 173.99124
  pitch: 2.5500154
logoutlocation:
  world: world
  x: -260.9385223791187
  y: 64.0
  z: 232.28773367861868
  yaw: 90.588165
  pitch: 47.10003
