lastAccountName: parkbully
timestamps:
  login: 1433011597504
  lastteleport: 1433011638377
  logout: 1433011711829
ipAddress: 208.82.108.138
lastlocation:
  world: world
  x: -160.52972895369638
  y: 38.0
  z: -224.69999998807907
  yaw: -177.90796
  pitch: 16.949997
logoutlocation:
  world: world
  x: -220.86360844397396
  y: 65.0
  z: 216.4531972116856
  yaw: 179.45338
  pitch: 0.3846809
