lastAccountName: Zordlox
timestamps:
  login: 1433119944714
  logout: 1433120043182
ipAddress: 108.20.47.211
lastlocation:
  world: world
  x: -160.31593400574982
  y: 38.0
  z: -222.25044701840423
  yaw: 171.29132
  pitch: 3.7500005
logoutlocation:
  world: world
  x: -135.14928230712732
  y: 65.0
  z: 185.87074364877904
  yaw: 268.18826
  pitch: 26.100012
