world: world
x: -81.6005664703457
y: 65.5
z: 464.50865822697784
yaw: 88.638435
pitch: -2.4000041
name: blockA
