world: world
x: -255.49776051155698
y: 63.0
z: 289.49854090596165
yaw: 89.68829
pitch: -3.600011
name: BlockB
