world: world
x: -97.5
y: 65.0
z: 221.5
yaw: -0.31170654
pitch: -0.30000106
name: BlockDBank
