world: world
x: -67.5
y: 64.0
z: 65.5
yaw: -90.31164
pitch: 2.5500088
name: chestroom
