world: world
x: -32.5
y: 63.0
z: 137.5
yaw: -0.16149902
pitch: 0.45021948
name: CityChest
