world: City
x: 0.5
y: 42.0
z: 0.5
yaw: 179.84993
pitch: 2.550002
name: City
