world: City
x: -249.5
y: 48.0
z: 1067.5
yaw: 0.13906881
pitch: -2.8500092
name: D1
