world: City
x: 148.5
y: 64.0
z: -994.5
yaw: -90.15379
pitch: 0.90006626
name: DonorMob
