world: City
x: 135.5
y: 89.0
z: -950.5
yaw: 90.00002
pitch: 2.09999
name: Donor
