world: City
x: 170.5
y: 86.0
z: -905.5
yaw: -90.15254
pitch: -27.44993
name: Enchant
