world: world
x: -446.5
y: 40.0
z: 216.5
yaw: -181.21179
pitch: 2.099995
name: Events
