world: world
x: -453.720313572771
y: 29.0
z: 179.5001403192604
yaw: 91.34903
pitch: 87.15005
name: eventroom
