world: world
x: -459.30787740878645
y: 66.0
z: -267.49754282561173
yaw: -89.09596
pitch: 1.6499912
name: Fish
