world: world
x: -141.5
y: 57.0
z: 55.5
yaw: -270.16238
pitch: -1.3500078
name: Guardroom
