world: City
x: 160.54155257427547
y: 64.0
z: -993.5130392816111
yaw: -89.102295
pitch: -0.89993334
name: in
