world: world
x: -102.48081165252734
y: 65.0
z: 71.62585116119234
yaw: 0.28858072
pitch: 0.8999829
name: info
