world: world
x: -274.5
y: 64.0
z: 509.5
yaw: -90.13225
pitch: -1.6502234
name: Mod
