world: world
x: -1086.3515383229972
y: 64.0
z: -1022.4843937511107
yaw: 269.83804
pitch: 87.599976
name: notes
