world: City
x: 155.5
y: 64.0
z: -994.5
yaw: -270.15228
pitch: -0.89992267
name: out
