world: world
x: -155.498059708779
y: 63.0
z: 140.6991162545164
yaw: -180.31372
pitch: -4.950057
name: Ride
