world: world
x: -156.5
y: 64.0
z: 149.5
yaw: -0.16171265
pitch: -0.74999547
name: spawn
