world: world
x: -160.5
y: 38.0
z: -219.5
yaw: 0.5911865
pitch: 1.34999
name: start
