world: world
x: -156.5
y: 79.0
z: 204.5
yaw: -0.46173096
pitch: 0.60000104
name: TopBlockD
