world: world
x: -13.5
y: 79.0
z: 347.5
yaw: 89.68853
pitch: 0.45000204
name: TopBlockC
