world: world
x: -156.5
y: 81.0
z: 425.5
yaw: -0.011490712
pitch: -0.30000332
name: TopBlockA
