world: world
x: -299.5
y: 79.0
z: 347.5
yaw: -90.31143
pitch: 0.60002637
name: TopBlockB
