world: world
x: -40.63608971850043
y: 72.0
z: 232.42154268721973
yaw: -278.61426
pitch: 10.200043
name: tree
