world: world
x: -151.5
y: 63.0
z: -295.5
yaw: -0.7619324
pitch: 1.0499787
name: tutorial
