world: world
x: -239.5
y: 64.0
z: 127.5
yaw: -0.30743408
pitch: 1.1999803
name: warproom
