lastAccountName: dillonto
timestamps:
  login: 1431627907788
  kits:
    starter: 1431627936127
  lastteleport: 1431628319701
ipAddress: 108.232.36.16
lastlocation:
  world: world
  x: -145.48632497079265
  y: 64.0
  z: 163.95576413890808
  yaw: 31.501638
  pitch: -12.749972
