lastAccountName: slharris762
timestamps:
  login: 1431627905785
ipAddress: 159.118.191.248
logoutlocation:
  world: world
  x: -154.15967665513907
  y: 65.0
  z: 174.93518466828044
  yaw: -2.699463
  pitch: 11.250073
